00000000000000000000000000000000000000000000000000
00000000000000000000000000000000000000000000000000
00000000000000000000100000000000000000000000000000
00000000000010000001010000000000000000000000000000
00000110000101000010010000000000000000000000000000
00000110000101000001100000000000000000000000000000
00000000000010000000000000000000000000000000000000
00000000000000000000000000000000000000000000000000
00000000000000000000000000000000000000000000000000
00000000000000000000000000000000000000000000000000
00000000000000000000000000000000000000000000000000
00000000000000000000000000000000000000000000000000
00000000000000000000000000000000000000000000000000
00000000000000000000000000000000000000000000000000
00000000000000000000000000000000000000000000000000
00000000000000000000000000000000000000000000000000
00000000000000000000000000011100011100000000000000
00000000000000000000000000000000000000000000000000
00000000111100000000000001000010100001000000000000
00000000100100000000000001000010100001000000000000
00000011100111000000000001000010100001000000000000
00000010000001000000000000011100011100000000000000
00000010000001000000000000000000000000000000000000
00000011100111000000000000011100011100000000000000
00000000100100000000000001000010100001000000000000
00000000111100000000000001000010100001000000000000
00000000000000000000000001000010100001000000000000
00000000000000000000000000000000000000000000000000
00000000000000000000000000011100011100000000000000
00000000000000000000000000000000000000000000000000
00000000000000000000000000000000000000000000000000
00000000000000000000000000000000000000000000000000
00000000000000000000000000000000000000000000000000
00000000000000000000000000000000000000000000000000
00000000000000000000000000000000000000000000000000
00000000000000001100000000000000000000000000000000
00000000000000010010000000000000000000000000000000
00000000000000100001000000000000000000000000000000
00000000000001000000100000000000000000000000000000
00000000000001000000100000000000000000000000000000
00000000000000100001000000000000000000000000000000
00000000000000010010000000000000000000000000000000
00000000000000001100000000000000000000000000000000
00000000000000000000000000000000000000000000000000
00000000000000000000000000000000000000000000000000
00000000000000000000000000000000000000000000000000
00000000000000000000000000000000000000000000000000
00000000000000000000000000000000000000000000000000
00000000000000000000000000000000000000000000000000
00000000000000000000000000000000000000000000000000